4486398101015552
4486398102031360
4486398103063552
4486398104079360
4486398105111552
4486398106143744
4486398107159552
4486398108191744
4486398109223936
4486398110239744
4486398111271936
4486398112287744
4486398113303552
4486398114319360
4486398115335168
4486398116350976
4486398117383168
4486398118398976
4486398119431168
4486398120446976
4486398121462784
4486398122478592
4486398123510784
4486398124526592
4486398125558784
4486398126574592
4486398127590400
4486398128622592
4486398129638400
4486398130654208
4486398131686400
4486398132702208
4486398133718016
4486398134733824
4486398135766016
4486398136781824
4486398137814016
4486398138829824
4486398139845632
4486398140877824
4486398141910016
4486398142925824
4486398143941632
4486398144973824
4486398145989632
4486398147005440
4486398148037632
4486398149053440
4486398150085632
4486398151101440
4486398152133632
4486398153149440
4486398154165248
4486398155181056
4486398156213248
4486398157229056
4486398158244864
4486398159277056
4486398160292864
4486398161325056
4486398162340864
4486398163356672
4486398164388864
4486398165404672
4486398166420480
4486398167452672
4486398168468480
4486398169484288
4486398170516480
4486398171532288
4486398172564480
4486398173580288
4486398174596096
4486398175628288
4486398176644096
4486398177659904
4486398178675712
4486398179691520
4486398180723712
4486398181739520
4486398182755328
4486398183787520
4486398184803328
4486398185819136
4486398186834944
4486398187867136
4486398188882944
4486398189915136
4486398190930944
4486398191963136
4486398192978944
4486398193994752
4486398195026944
4486398196042752
4486398197074944
4486398198090752
4486398199106560
4486398200138752
4486398201170944
